  24 21 2
? 1 20011 5
A 1 20012 5
D 3 001 3
E 1 0002 4
G 2 2000 4
P 1 0001 4
W 1 0022 4
Z 1 1000 4
a 4 101 3
b 1 0020 4
c 7 202 3
d 3 2212 4
e 18 12 2
f 1 0000 4
g 2 2210 4
h 8 222 3
i 16 11 2
k 1 1001 4
l 6 201 3
m 2 2002 4
n 9 01 2
o 1 0021 4
r 4 102 3
s 8 220 3
t 10 02 2
u 3 2211 4
w 2 1002 4
000222021100210110221200210120121121101211001201121101122202120001222121120222202210011012202120021012022220212211211012100001101220021021222021200012220112022220221001111221002212201022110021110222122101112022220221222121120112012100122111022022222120122112200211221012211000121120112012100010021110102122001121200122211202222212212111221221011002002211222021011120222202
372
Program ran for 0.000173189 seconds.
