  24 00 2
e 18 10000 5
i 16 10001 5
t 10 10002 5
n 9 10010000 8
s 8 10010001 8
h 8 10010002 8
c 7 10010010 8
l 6 10010011 8
r 4 10010012 8
a 4 10010020 8
u 3 10010021 8
d 3 10010022 8
D 3 101000000 9
w 2 101000001 9
m 2 101000002 9
g 2 101000010 9
G 2 101000011 9
o 1 101000012 9
k 1 101000020 9
f 1 101000021 9
b 1 101000022 9
Z 1 101000200 9
W 1 101000201 9
P 1 101000202 9
E 1 101000210 9
A 1 101000211 9
? 1 101000212 9
101000210100100010010100000110010020100100120010100000210010020100100110010000100011001000000101000020100100111000010001100100001000010010001001010000111000010010022100011001001010010002100020010100000010010020100100010010100000210010020100100101001000210002100000010000100011001000000101000021100011001000010010001100021001001210000100100010010100001110000100100011000110010010100100021000200101000000100011000000101000201100001001001110002001010000011000110010012100100220010010000100011001001010010002100020010010002100001000110010011100001001000000101000000100100211001001210010010100100020010010011100100211001000110002100011010000101000000101000200100001000110010011100001001000000101000202101000012100011001000010002100001010002120010100021110010021100100101001000200100100221000110000001010000101000110100002210002001000010010001001001000010001100100101001000210002
873
Program ran for 0.000719479 seconds.
