c 34 00 2
b 34 10000 6
a 34 10001 7
  3 10002 8
h 1 10010000 10
g 1 10010001 11
f 1 10010010 11
e 1 101000000 11
d 1 10010002 12
10001100011000110001100011000110001100011000110001100011000110001100011000110001100011000110001100011000110001100011000110001100011000110001100011000110001100011000110001100021000010000100001000010000100001000010000100001000010000100001000010000100001000010000100001000010000100001000010000100001000010000100001000010000100001000010000100001000010002000000000000000000000000000000000000000000000000000000000000000000001000210010002101000000100100101001000110010000
589
Program ran for 0.000184974 seconds.
