e 9 00 2
t 6 10000 5
  5 10001 5
w 3 10002 6
r 3 10010000 8
n 3 10010001 8
i 3 10010010 8
s 2 10010011 8
f 2 10010002 9
b 2 10010012 9
I 2 10010020 9
B 2 10010021 9
" 2 101000000 9
ü 1 101000001 9
u 1 101000010 9
o 1 101000011 9
m 1 101000100 9
k 1 101000101 9
h 1 101000110 9
d 1 101000111 9
a 1 10010022 10
W 1 101000002 10
N 1 101000012 10
F 1 101000102 10
D 1 101000112 10
10010021101000002100100201010000121010001021000110010011100000010100011010000100011001000210100000110010000100011010000001010001121001001000100011001002110100001010010001101000111001001001110002001001001010000001001000110001100100201001000110010002101000011100100001010001001001002210000100100101010001011000200100001000010010012001000200100100001001001200101000000
382
Program ran for 0.000652854 seconds.
