， 3 00 2
馬 2 10000 6
有 2 10001 7
文 2 10002 8
。 2 10010000 10
齊 1 10010001 11
非 1 10010010 11
雄 1 101000000 11
鄧 1 10010002 12
都 1 10010011 12
郵 1 10010020 12
遇 1 101000001 12
英 1 101000010 12
肯 1 101000100 12
禹 1 10010012 13
督 1 10010021 13
無 1 101000002 13
武 1 101000011 13
止 1 101000020 13
未 1 101000101 13
望 1 101000110 13
晉 1 101000200 13
時 1 10010022 14
志 1 101000012 14
希 1 101000021 14
學 1 101000102 14
妻 1 100101000000 15
大 1 100101000001 16
古 1 100101000010 16
去 1 100101000100 16
公 1 100101001000 16
也 1 1001100000000 16
不 1 100101000002 17
、 1 100101000011 17
100101000010101000010101000000101000101101000001100100220010010011101000002100101000001101000012001001001010100002010010002100100121010000211000210100010210010100001110000101000011101000110100100211001002010011000000001001000010100020010002100101001000100011001010000001000110000001001010000021010001001001010001001001000110010000
462
Program ran for 0.000396838 seconds.
