MPSOLVER_OPTIMAL
Optimal solution found!:
Min value = 137
0 0 0 0 0 0 0 1 4 1 2 3 3 0 0 0 0 0 0 0 0 0 0 0 0 0 0 0 0 0 0 0 0 0 0 0 0 0 0 0 0 0 0 0 0 0 0 0 0 0 0 0 0 0 0 0 0 0 0 0 0 0 0 0 0 0 0 0 0 0 0 0 0 0 0 0 0 0 0 0 0 0 0 0 0 0 0 0 0 0 0 0 0 0 0 0 0 0 0 0 0 0 0 0 0 0 0 0 0 0 0 0 0 0 0 0 0 0 0 0 0 0 0 0 0 0 0 0 0 0 0 0 0 0 0 0 0 0 0 0 0 0 0 0 0 0 0 0 0 0 0 0 0 0 0 0 0 0 0 0 0 0 0 0 0 0 0 0 0 0 0 0 0 0 0 0 0 0 0 0 0 0 0 0 0 0 0 0 0 0 0 0 0 0 0 0 0 0 0 0 0 
n 1 001 7
m 1 00000000 8
l 1 0001 8
k 1 0100 8
j 1 1000 8
i 1 00001 9
h 1 000001 10
g 1 11 10
f 1 0000001 11
e 1 011 11
d 1 101 11
c 1 00000001 12
b 1 0101 12
a 1 1001 12
10010101000000011010110000001110000010000110000100000100000000001
137
Program ran for 0.115823 seconds.
