MPSOLVER_OPTIMAL
Optimal solution found!:
Min value = 279
0 0 2 1 1 2 2 1 0 0 0 0 0 0 0 0 0 0 0 0 0 0 0 0 0 0 0 0 0 0 0 0 0 0 0 0 0 0 0 0 0 0 0 0 0 0 0 0 0 0 0 0 0 0 0 0 0 0 0 0 0 0 0 0 0 0 0 0 0 0 0 0 0 0 0 0 0 0 0 0 0 0 0 0 0 0 0 0 0 0 0 0 0 0 0 0 0 0 0 0 0 0 0 0 0 0 0 0 0 0 0 0 0 0 0 0 0 0 0 0 0 0 0 0 0 0 0 0 0 0 0 0 0 0 0 0 0 0 0 0 0 0 0 0 0 0 0 0 0 0 0 0 0 0 0 0 0 0 0 0 0 0 0 0 0 0 0 0 0 0 0 0 0 0 0 0 0 0 0 0 0 0 0 0 0 0 0 0 0 0 0 0 0 0 0 0 0 0 0 0 0 
c 34 00 2
b 34 1 2
a 34 2 3
  3 02 4
h 1 0100 5
g 1 011 5
f 1 0101 6
e 1 012 6
d 1 0102 7
2222222222222222222222222222222222021111111111111111111111111111111111020000000000000000000000000000000000000000000000000000000000000000000002010201201010110100
279
Program ran for 0.0752611 seconds.
