MPSOLVER_OPTIMAL
Optimal solution found!:
Min value = 372
0 0 5 7 14 2 0 0 0 0 0 0 0 0 0 0 0 0 0 0 0 0 0 0 0 0 0 0 0 0 0 0 0 0 0 0 0 0 0 0 0 0 0 0 0 0 0 0 0 0 0 0 0 0 0 0 0 0 0 0 0 0 0 0 0 0 0 0 0 0 0 0 0 0 0 0 0 0 0 0 0 0 0 0 0 0 0 0 0 0 0 0 0 0 0 0 0 0 0 0 0 0 0 0 0 0 0 0 0 0 0 0 0 0 0 0 0 0 0 0 0 0 0 0 0 0 0 0 0 0 0 0 0 0 0 0 0 0 0 0 0 0 0 0 0 0 0 0 0 0 0 0 0 0 0 0 0 0 0 0 0 0 0 0 0 0 0 0 0 0 0 0 0 0 0 0 0 0 0 0 0 0 0 0 0 0 0 0 0 0 0 0 0 0 0 0 0 0 0 0 0 
  24 00 2
e 18 01 2
i 16 02 2
t 10 10 2
n 9 11 2
s 8 120 3
h 8 121 3
c 7 122 3
l 6 200 3
r 4 201 3
a 4 202 3
u 3 210 3
d 3 2110 4
D 3 2111 4
w 2 2112 4
m 2 2120 4
g 2 2121 4
G 2 2122 4
o 1 2200 4
k 1 2201 4
f 1 2202 4
b 1 2210 4
Z 1 2211 4
W 1 2212 4
P 1 2220 4
E 1 2221 4
A 1 22220 5
? 1 22221 5
222112000211220220100212020220000010211002201200010211011200021220121100212212110002111202120002120202122121100100010211002202021112010201011200021220112002122121100021110201002212012001000211202201211000110212212110001210102200011100211121020112212100200210120100221210100221101022000111002220220002111001222210022220210122121002110020100212102221010000112000110212212110
372
Program ran for 0.616492 seconds.
