MPSOLVER_OPTIMAL
Optimal solution found!:
Min value = 234
0 0 0 0 0 11 13 9 1 0 0 0 0 0 0 0 0 0 0 0 0 0 0 0 0 0 0 0 0 0 0 0 0 0 0 0 0 0 0 0 0 0 0 0 0 0 0 0 0 0 0 0 0 0 0 0 0 0 0 0 0 0 0 0 0 0 0 0 0 0 0 0 0 0 0 0 0 0 0 0 0 0 0 0 0 0 0 0 0 0 0 0 0 0 0 0 0 0 0 0 0 0 0 0 0 0 0 0 0 0 0 0 0 0 0 0 0 0 0 0 0 0 0 0 0 0 0 0 0 0 0 0 0 0 0 0 0 0 0 0 0 0 0 0 0 0 0 0 0 0 0 0 0 0 0 0 0 0 0 0 0 0 0 0 0 0 0 0 0 0 0 0 0 0 0 0 0 0 0 0 0 0 0 0 0 0 0 0 0 0 0 0 0 0 0 0 0 0 0 0 0 
， 3 0001 5
馬 2 0010 5
有 2 002 5
文 2 0100 5
。 2 011 5
齊 1 020 5
非 1 101 5
雄 1 110 5
鄧 1 12 5
都 1 200 5
郵 1 21 5
遇 1 000000 6
英 1 00001 6
肯 1 0002 6
禹 1 0011 6
督 1 0101 6
無 1 012 6
武 1 021 6
止 1 10000 6
未 1 1001 6
望 1 102 6
晉 1 111 6
時 1 201 6
志 1 22 6
希 1 000001 7
學 1 00002 7
妻 1 0012 7
大 1 0102 7
古 1 022 7
去 1 10001 7
公 1 1002 7
也 1 112 7
不 1 202 7
、 1 10002 8
022000011101001000000201000120001201022200011011000012001100000101000000210002001002110201012111201111101001002002001200200100001202000210001020011
234
Program ran for 0.329223 seconds.
