MPSOLVER_OPTIMAL
Optimal solution found!:
Min value = 191
0 0 1 5 14 5 0 0 0 0 0 0 0 0 0 0 0 0 0 0 0 0 0 0 0 0 0 0 0 0 0 0 0 0 0 0 0 0 0 0 0 0 0 0 0 0 0 0 0 0 0 0 0 0 0 0 0 0 0 0 0 0 0 0 0 0 0 0 0 0 0 0 0 0 0 0 0 0 0 0 0 0 0 0 0 0 0 0 0 0 0 0 0 0 0 0 0 0 0 0 0 0 0 0 0 0 0 0 0 0 0 0 0 0 0 0 0 0 0 0 0 0 0 0 0 0 0 0 0 0 0 0 0 0 0 0 0 0 0 0 0 0 0 0 0 0 0 0 0 0 0 0 0 0 0 0 0 0 0 0 0 0 0 0 0 0 0 0 0 0 0 0 0 0 0 0 0 0 0 0 0 0 0 0 0 0 0 0 0 0 0 0 0 0 0 0 0 0 0 0 0 
e 9 2 2
t 6 000 3
  5 001 3
w 3 010 3
r 3 02 3
n 3 12 3
i 3 002 4
s 2 0110 4
f 2 0111 4
b 2 012 4
I 2 1000 4
B 2 1001 4
" 2 1010 4
ü 1 1011 4
u 1 102 4
o 1 1100 4
m 1 1101 4
k 1 1110 4
h 1 1111 4
d 1 112 4
a 1 0112 5
W 1 1002 5
N 1 1012 5
F 1 1102 5
D 1 1112 5
10011002100010121102001011000021111000001011110110200110101112002200110011021211220110010200200021200110001201111100021101011200000211100102000000012201020201221010
191
Program ran for 0.1345 seconds.
