MPSOLVER_OPTIMAL
Optimal solution found!:
Min value = 113
0 0 0 5 5 2 0 0 0 0 0 0 0 0 0 0 0 0 0 0 0 0 0 0 0 0 0 0 0 0 0 0 0 0 0 0 0 0 0 0 0 0 0 0 0 0 0 0 0 0 0 0 0 0 0 0 0 0 0 0 0 0 0 0 0 0 0 0 0 0 0 0 0 0 0 0 0 0 0 0 0 0 0 0 0 0 0 0 0 0 0 0 0 0 0 0 0 0 0 0 0 0 0 0 0 0 0 0 0 0 0 0 0 0 0 0 0 0 0 0 0 0 0 0 0 0 0 0 0 0 0 0 0 0 0 0 0 0 0 0 0 0 0 0 0 0 0 0 0 0 0 0 0 0 0 0 0 0 0 0 0 0 0 0 0 0 0 0 0 0 0 0 0 0 0 0 0 0 0 0 0 0 0 0 0 0 0 0 0 0 0 0 0 0 0 0 0 0 0 0 0 
E 5 000 3
  5 001 3
N 4 010 3
I 4 011 3
S 3 100 3
R 2 1010 4
O 2 1011 4
M 2 1100 4
L 2 1101 4
D 2 1110 4
H 1 11110 5
C 1 11111 5
11100110000011001011010010000001100101111011101001111001110100010111100110000010100011001111111110000011010000010
113
Program ran for 0.3319 seconds.
