MPSOLVER_OPTIMAL
Optimal solution found!:
Min value = 135
0 1 0 0 0 0 0 0 0 0 0 3 1 1 1 2 0 0 0 0 0 0 0 0 0 0 0 0 0 0 0 0 0 0 0 0 0 0 0 0 0 0 0 0 0 0 0 0 0 0 0 0 0 0 0 0 0 0 0 0 0 0 0 0 0 0 0 0 0 0 0 0 0 0 0 0 0 0 0 0 0 0 0 0 0 0 0 0 0 0 0 0 0 0 0 0 0 0 0 0 0 0 0 0 0 0 0 0 0 0 0 0 0 0 0 0 0 0 0 0 0 0 0 0 0 0 0 0 0 0 0 0 0 0 0 0 0 0 0 0 0 0 0 0 0 0 0 0 0 0 0 0 0 0 0 0 0 0 0 0 0 0 0 0 0 0 0 0 0 0 0 0 0 0 0 0 0 0 0 0 0 0 0 0 0 0 0 0 0 0 0 0 0 0 0 0 0 0 0 0 0 
a 33 0 1
h 1 1000000 11
g 1 101 11
f 1 110 11
e 1 1001 12
d 1 10001 13
c 1 100001 14
b 1 1000001 15
  1 111 15
00000000000000000000000000000000011110000011000011000110011101011000000
135
Program ran for 0.0621643 seconds.
