Possible!
Amount of moves: 716
Moves:
D R R D D D D R D D R D R R D D R D R R R R D R R U R D R D L D D R D D D R D D D R R R D D R R D R D R D R R D D D D R D D D R D D D D L D D D R R D L D R R R R D D D D D R D R D R R R D D L D L D D D D L D R R D D D R R R U R D D R R D D D R D L D D D D D L D L L D D L D L L D L D D R D D R R R R R D D D D R R D R D D R R D R D D L D R R R D D D D D R D R U R D D R R R R R R R R R R D D D D D R D R R R D D D D L L D L D D D D D D L L D R R D D L D D D D L D D D L D D L D R R R D D D D D D R D D R D D D D D R R R D R R D D D D D D R D D R R U R R U U U R R R U R U R R R D R D D R R U R R D R R R D R R U U R R R R U U U R D D R R D D R R D R R D R R R D R R R U R R R D R U U U U U R R U R U R U R U R R D R U R R R U R R R R R R R U R R R R R R R R R D R D D D R D R R R R D D R R D D D R U R D D R U L U U U R R R D R D D R R R D R R R R D D R R R D R D D D R D D D L D D D R D R D D D D R R R R R R D D R R D R R R D R R D D R R R R D D D D R R R D D D R R D D R R R D D R D D D D D R D R R D R D D D D D L D R R D R D D R R R R D R D R R R D D D D D D D R D D D D D R D R U R D D D R D D R R D R R D R R D R R D D R D D D R D R R R D R D D D R R R U R R R R R R D R D D R D D D R D R R D D D R R U U U U R D D R R R R R R D R R R R R R D D D D D D R R R D R R U U R R D R D D D D R D D R D R R D R U R R D D R R D D R R D D R D D R R R D D D L L D D D D D L D R D R D D R D R R D R D D D D L D R D D D D D D D R D D R D 
0 0 0 0
1 0 1 0
1 1 1 0
1 2 1 0
2 2 2 0
3 2 3 0
4 2 4 0
5 2 4 0
5 3 4 1
6 3 5 1
7 3 6 1
7 4 6 2
8 4 7 2
8 5 7 3
8 6 7 4
9 6 7 4
10 6 7 4
10 7 7 5
11 7 8 5
11 8 8 6
11 9 8 6
11 10 8 6
11 11 8 6
12 11 8 6
12 12 8 6
12 13 8 6
11 13 8 6
11 14 8 6
12 14 8 6
12 15 8 6
13 15 8 6
13 14 8 5
14 14 8 5
15 14 8 5
15 15 8 6
16 15 8 6
17 15 8 6
18 15 8 6
18 16 8 6
19 16 8 6
20 16 8 6
21 16 8 6
21 17 8 6
21 18 8 6
21 19 8 6
22 19 8 6
23 19 8 6
23 20 8 6
23 21 8 6
24 21 8 6
24 22 8 6
25 22 8 6
25 23 8 6
26 23 8 6
26 24 8 6
26 25 8 6
27 25 8 6
28 25 8 6
29 25 8 6
30 25 8 6
30 26 8 6
31 26 8 6
32 26 8 6
33 26 8 6
33 27 8 6
34 27 8 6
35 27 8 6
36 27 8 6
37 27 8 6
37 26 8 5
38 26 8 5
39 26 8 5
40 26 8 5
40 27 8 6
40 28 8 6
41 28 8 6
41 27 8 5
42 27 8 5
42 28 8 6
42 29 8 6
42 30 8 6
42 31 8 6
43 31 8 6
44 31 8 6
45 31 8 6
46 31 8 6
47 31 8 6
47 32 8 6
48 32 8 6
48 33 8 6
49 33 8 6
49 34 8 6
49 35 8 6
49 36 8 6
50 36 8 6
51 36 8 6
51 35 8 5
52 35 8 5
52 34 8 4
53 34 8 4
54 34 8 4
55 34 8 4
56 34 8 4
56 33 8 3
57 33 8 3
57 34 8 4
57 35 8 5
58 35 8 5
59 35 8 5
60 35 8 5
60 36 8 6
60 37 8 6
60 38 8 6
59 38 8 6
59 39 8 6
60 39 8 6
61 39 8 6
61 40 8 6
61 41 8 6
62 41 8 6
63 41 8 6
64 41 8 6
64 42 8 6
65 42 8 6
65 41 8 5
66 41 8 5
67 41 8 5
68 41 8 5
69 41 8 5
70 41 8 5
70 40 8 4
71 40 8 4
71 39 8 3
71 38 8 2
72 38 9 2
73 38 9 2
73 37 9 1
74 37 10 1
74 36 10 0
74 35 10 0
75 35 10 0
75 34 10 0
76 34 10 0
77 34 10 0
77 35 10 1
78 35 10 1
79 35 10 1
79 36 10 2
79 37 10 3
79 38 10 3
79 39 10 3
79 40 10 3
80 40 11 3
81 40 11 3
82 40 11 3
83 40 11 3
83 41 11 4
83 42 11 5
84 42 11 5
84 43 11 6
85 43 12 6
86 43 12 6
86 44 12 7
86 45 12 8
87 45 13 8
87 46 13 8
88 46 14 8
89 46 14 8
89 45 14 8
90 45 14 8
90 46 14 8
90 47 14 8
90 48 14 8
91 48 14 8
92 48 14 8
93 48 14 8
94 48 14 8
95 48 14 8
95 49 14 8
96 49 14 8
96 50 14 8
95 50 13 8
95 51 13 8
96 51 14 8
97 51 14 8
97 52 14 8
97 53 14 8
97 54 14 8
97 55 14 8
97 56 14 8
97 57 14 8
97 58 14 8
97 59 14 8
97 60 14 8
97 61 14 8
98 61 14 8
99 61 14 8
100 61 14 8
101 61 14 8
102 61 14 8
102 62 14 8
103 62 14 8
103 63 14 8
103 64 14 8
103 65 14 8
104 65 14 8
105 65 14 8
106 65 14 8
107 65 14 8
107 64 14 8
107 63 14 8
108 63 14 8
108 62 14 8
109 62 14 8
110 62 14 8
111 62 14 8
112 62 14 8
113 62 14 8
114 62 14 8
114 61 14 8
114 60 14 8
115 60 14 8
115 61 14 8
115 62 14 8
116 62 14 8
117 62 14 8
117 61 14 8
118 61 14 8
119 61 14 8
120 61 14 8
121 61 14 8
121 60 14 8
122 60 14 8
123 60 14 8
124 60 14 8
124 59 14 8
125 59 14 8
126 59 14 8
126 58 14 8
127 58 14 8
127 59 14 8
127 60 14 8
127 61 14 8
128 61 14 8
129 61 14 8
130 61 14 8
131 61 14 8
132 61 14 8
133 61 14 8
133 62 14 8
134 62 14 8
135 62 14 8
135 63 14 8
136 63 14 8
137 63 14 8
138 63 14 8
139 63 14 8
140 63 14 8
140 64 14 8
140 65 14 8
140 66 14 8
141 66 14 8
141 67 14 8
141 68 14 8
142 68 14 8
143 68 14 8
144 68 14 8
145 68 14 8
146 68 14 8
147 68 14 8
147 69 14 8
148 69 14 8
149 69 14 8
149 70 14 8
149 71 14 8
148 71 13 8
148 72 13 8
148 73 13 8
147 73 12 8
146 73 11 8
145 73 10 8
145 74 10 8
145 75 10 8
145 76 10 8
144 76 9 8
144 77 9 8
143 77 8 8
143 78 8 9
143 79 8 10
143 80 8 11
144 80 8 11
144 81 8 11
145 81 8 11
146 81 8 11
146 82 8 11
146 83 8 11
145 83 7 11
145 84 7 12
145 85 7 13
146 85 8 13
146 86 8 13
146 87 8 13
146 88 8 13
147 88 9 13
147 89 9 14
147 90 9 15
146 90 8 15
145 90 8 15
145 91 8 16
145 92 8 17
145 93 8 17
145 94 8 17
144 94 8 17
143 94 8 17
142 94 8 17
142 95 8 17
143 95 9 17
144 95 9 17
144 96 9 17
144 97 9 17
145 97 9 17
146 97 9 17
146 98 9 17
146 99 9 17
147 99 9 17
147 100 9 17
147 101 9 17
148 101 9 17
148 102 9 17
148 103 9 17
148 104 9 17
149 104 9 17
149 105 9 17
149 106 9 17
149 107 9 17
148 107 8 17
148 108 8 17
148 109 8 17
148 110 8 17
149 110 9 17
149 111 9 17
148 111 8 17
147 111 8 17
146 111 8 17
145 111 8 17
144 111 8 17
144 112 8 17
144 113 8 17
143 113 8 17
143 114 8 17
142 114 8 17
142 115 8 17
141 115 8 17
141 116 8 17
140 116 8 17
140 117 8 17
140 118 8 17
141 118 9 17
141 119 9 17
140 119 8 17
140 120 8 17
140 121 8 17
140 122 8 17
139 122 8 17
139 123 8 17
139 124 8 17
139 125 8 17
139 126 8 17
139 127 8 17
139 128 8 17
139 129 8 17
138 129 8 17
138 130 8 17
138 131 8 17
138 132 8 17
138 133 8 17
138 134 8 17
138 135 8 17
138 136 8 17
138 137 8 17
138 138 8 17
139 138 9 17
139 139 9 17
140 139 9 17
141 139 9 17
142 139 9 17
142 140 9 17
143 140 9 17
143 141 9 17
143 142 9 17
143 143 9 17
143 144 9 17
144 144 9 17
145 144 9 17
145 145 9 17
145 146 9 17
146 146 9 17
147 146 9 17
148 146 9 17
148 147 9 17
147 147 8 17
147 148 8 17
148 148 9 17
149 148 9 17
149 149 9 17
149 149 8 17
149 149 8 16
149 149 7 16
149 149 6 16
149 149 5 16
149 149 5 17
149 149 5 18
149 149 5 19
149 149 6 19
149 149 6 20
149 149 7 20
149 149 8 20
149 149 8 21
149 149 8 22
149 149 8 23
149 149 9 23
149 149 9 24
149 149 9 25
149 149 9 26
149 149 9 27
149 149 10 27
149 149 11 27
149 149 11 28
149 149 11 29
149 149 11 30
149 149 12 30
149 149 12 31
149 149 13 31
149 149 14 31
149 149 15 31
149 149 15 32
149 149 16 32
149 149 17 32
149 149 18 32
149 149 18 31
149 149 19 31
149 149 20 31
149 149 21 31
149 149 21 32
149 149 22 32
149 149 22 33
149 149 23 33
149 149 24 33
149 149 25 33
149 149 26 33
149 149 26 34
149 149 26 35
149 149 26 36
149 149 26 37
149 149 26 38
149 149 26 39
149 149 27 39
149 149 28 39
149 149 28 40
149 149 28 41
149 149 29 41
149 149 29 42
149 149 29 43
149 149 29 44
149 149 30 44
149 149 30 45
149 149 30 46
149 149 31 46
149 149 32 46
149 149 32 47
149 149 32 48
149 149 32 49
149 149 32 50
149 149 33 50
149 149 34 50
149 149 35 50
149 149 36 50
149 149 36 51
149 149 36 52
149 149 36 53
149 149 37 53
149 149 38 53
149 149 39 53
149 149 39 54
149 149 39 55
149 149 40 55
149 149 41 55
149 149 41 56
149 149 41 57
149 149 41 58
149 149 42 58
149 149 43 58
149 149 43 59
149 149 44 59
149 149 45 59
149 149 46 59
149 149 47 59
149 149 48 59
149 149 48 60
149 149 49 60
149 149 49 61
149 149 49 62
149 149 50 62
149 149 50 63
149 149 51 63
149 149 52 63
149 149 53 63
149 149 54 63
149 149 55 63
149 149 55 62
149 149 56 62
149 149 56 63
149 149 56 64
149 149 57 64
149 149 57 65
149 149 58 65
149 149 59 65
149 149 59 66
149 149 59 67
149 149 59 68
149 149 59 69
149 149 60 69
149 149 60 70
149 149 61 70
149 149 61 71
149 149 61 72
149 149 61 73
149 149 62 73
149 149 63 73
149 149 64 73
149 149 65 73
149 149 66 73
149 149 67 73
149 149 68 73
149 149 68 74
149 149 69 74
149 149 70 74
149 149 71 74
149 149 72 74
149 149 73 74
149 149 73 75
149 149 74 75
149 149 74 76
149 149 73 76
149 149 73 77
149 149 74 77
149 149 75 77
149 149 76 77
149 149 76 78
149 149 77 78
149 149 78 78
149 149 78 79
149 149 78 80
149 149 79 80
149 149 79 81
149 149 79 82
149 149 80 82
149 149 80 83
149 149 80 84
149 149 81 84
149 149 81 85
149 149 81 86
149 149 82 86
149 149 83 86
149 149 83 87
149 149 84 87
149 149 85 87
149 149 86 87
149 149 86 88
149 149 87 88
149 149 87 89
149 149 87 90
149 149 87 91
149 149 88 91
149 149 88 92
149 149 89 92
149 149 90 92
149 149 91 92
149 149 91 93
149 149 91 94
149 149 91 95
149 149 90 95
149 149 90 96
149 149 90 97
149 149 90 98
149 149 90 99
149 149 90 100
149 149 90 101
149 149 91 101
149 149 91 102
149 149 92 102
149 149 93 102
149 149 93 103
149 149 94 103
149 149 95 103
149 149 96 103
149 149 96 104
149 149 97 104
149 149 97 105
149 149 97 106
149 149 98 106
149 149 99 106
149 149 100 106
149 149 100 107
149 149 100 108
149 149 99 108
149 149 98 108
149 149 97 108
149 149 96 108
149 149 96 109
149 149 97 109
149 149 98 109
149 149 98 110
149 149 98 111
149 149 98 112
149 149 98 113
149 149 98 114
149 149 98 115
149 149 99 115
149 149 99 116
149 149 99 117
149 149 99 118
149 149 99 119
149 149 99 120
149 149 99 121
149 149 100 121
149 149 101 121
149 149 102 121
149 149 103 121
149 149 104 121
149 149 105 121
149 149 105 122
149 149 105 123
149 149 105 124
149 149 106 124
149 149 106 125
149 149 106 126
149 149 105 126
149 149 104 126
149 149 104 127
149 149 104 128
149 149 105 128
149 149 105 129
149 149 106 129
149 149 107 129
149 149 108 129
149 149 109 129
149 149 109 130
149 149 110 130
149 149 111 130
149 149 111 131
149 149 112 131
149 149 112 132
149 149 112 133
149 149 113 133
149 149 113 134
149 149 112 134
149 149 112 135
149 149 112 136
149 149 113 136
149 149 114 136
149 149 114 137
149 149 114 138
149 149 115 138
149 149 116 138
149 149 116 139
149 149 116 140
149 149 117 140
149 149 118 140
149 149 118 141
149 149 119 141
149 149 120 141
149 149 120 142
149 149 120 143
149 149 120 144
149 149 121 144
149 149 122 144
149 149 123 144
149 149 123 143
149 149 123 142
149 149 124 142
149 149 125 142
149 149 126 142
149 149 127 142
149 149 128 142
149 149 128 141
149 149 129 141
149 149 129 142
149 149 130 142
149 149 130 143
149 149 131 143
149 149 132 143
149 149 132 144
149 149 133 144
149 149 133 145
149 149 133 146
149 149 134 146
149 149 134 147
149 149 135 147
149 149 136 147
149 149 137 147
149 149 138 147
149 149 138 146
149 149 139 146
149 149 139 147
149 149 140 147
149 149 141 147
149 149 142 147
149 149 143 147
149 149 144 147
149 149 145 147
149 149 146 147
149 149 146 148
149 149 147 148
149 149 148 148
149 149 148 149
149 149 149 149
Program ran for 0.087331 seconds.
