Max. amount of members: 79 out of 100
Used lenghts: 524, 811, 922
Members participating: 0, 1, 3, 4, 5, 6, 7, 8, 9, 10, 11, 12, 13, 14, 16, 18, 19, 20, 21, 22, 23, 24, 25, 26, 27, 29, 30, 31, 32, 34, 35, 36, 37, 38, 39, 40, 42, 43, 46, 47, 48, 50, 51, 53, 54, 55, 56, 57, 58, 59, 60, 62, 64, 65, 66, 67, 69, 71, 72, 73, 74, 75, 78, 80, 81, 82, 83, 86, 87, 88, 89, 90, 91, 92, 94, 96, 97, 98, 99, 
Members not participating: 2, 15, 17, 28, 33, 41, 44, 45, 49, 52, 61, 63, 68, 70, 76, 77, 79, 84, 85, 93, 95, 
Length l1 = 524: 3, 6, 7, 9, 10, 11, 12, 19, 20, 23, 24, 25, 34, 37, 38, 39, 40, 42, 47, 54, 56, 57, 58, 60, 64, 65, 67, 71, 78, 80, 81, 82, 83, 90, 91, 97, 98, 99, 
(total of 38 for 524)
Length l2 = 811: 0, 1, 3, 4, 5, 8, 13, 14, 16, 18, 19, 20, 21, 25, 26, 27, 29, 31, 32, 34, 43, 48, 51, 53, 55, 59, 62, 64, 71, 73, 74, 75, 82, 87, 88, 96, 97, 
(total of 37 for 811)
Length l3 = 922: 3, 18, 22, 30, 34, 35, 36, 46, 48, 50, 51, 62, 66, 69, 72, 75, 86, 89, 92, 94, 
(total of 20 for 922)
