  24 00 2
e 18 100 3
i 16 200 3
t 10 0100 4
n 9 0200 4
s 8 1100 4
h 8 1200 4
c 7 2100 4
l 6 2200 4
r 4 01100 5
a 4 01200 5
u 3 02100 5
d 3 02200 5
D 3 10100 5
w 2 10200 5
m 2 11100 5
g 2 11200 5
G 2 12100 5
o 1 12200 5
k 1 20100 5
f 1 20200 5
b 1 21100 5
Z 1 21200 5
W 1 22100 5
P 1 22200 5
E 1 010100 6
A 1 010200 6
? 1 011100 6
0101001100001020001200011000011100012002200001002000200002010022001002000200100110000121001000220020021001200010000101000120011000011100012002100120001001000010020002000020200200020011000100011001001100001210010011002002100120001000010100200100002210010022000100001020020001100022000002002002100120001000012001002002200100020000101000210001100210012000022000210011000100200112001000021200100200220010002000022200122002000200010010001110000010200021002100120000022002001000011200200211000100001001100000200200210012000100
520
Program ran for 0.000891509 seconds.
