， 3 00 2
馬 2 100 4
有 2 0100 5
文 2 200 5
。 2 0200 6
齊 1 1100 6
非 1 01100 7
雄 1 10100 7
鄧 1 1200 7
都 1 2100 7
郵 1 010100 8
遇 1 01200 8
英 1 02100 8
肯 1 10200 8
禹 1 11100 8
督 1 20100 8
無 1 2200 8
武 1 010200 9
止 1 011100 9
未 1 020100 9
望 1 02200 9
晉 1 101100 9
時 1 110100 9
志 1 11200 9
希 1 12100 9
學 1 20200 9
妻 1 21100 9
大 1 011200 10
古 1 020200 10
去 1 101200 10
公 1 110200 10
也 1 12200 10
不 1 21200 10
、 1 22100 10
02020002100101000201000120011010000210022000112001120000011000111001200111001210020020200221001000102000220020100010100122000200101100200110200010021100010010000212001020010120011000200
296
Program ran for 0.000546928 seconds.
