e 9 00 2
t 6 100 3
  5 0100 4
w 3 1100 4
r 3 200 4
n 3 01100 5
i 3 0200 5
s 2 10100 5
f 2 11100 5
b 2 1200 5
I 2 2100 5
B 2 010100 6
" 2 011100 6
ü 1 01200 6
u 1 02100 6
o 1 101100 6
m 1 10200 6
k 1 110100 6
h 1 111100 6
d 1 11200 6
a 1 12100 6
W 1 20100 6
N 1 21100 6
F 1 2200 6
D 1 02200 7
0101002010021002110022000100101001000011110010001001110001200200010001110002200020000010001010002100011001120000101001100000200100000110001002100011001110010110020010200121001000200110100110000100100120000110000200120000011100
247
Program ran for 0.000430882 seconds.
