Amount of moves: 1308
Moves:
R R D D R R U R U R R D L L D D L L U D R D R D R R D L D L L L D R D L D R D D L D D R R D R D R U R D D D L D R R D R R D D D D D L L D R R R D R R R U R R D D D D L L D D D D R D D L D D D R D R R U U R U U U R R U R R D R U R R U R D R U U U R R D R D D D D R D R D D D D D R U R D R D R D D D D L L L L L D L D R R D L L D R D D D R D R U R R D D D D L D L L D D R U U R D D R R D R D R D R U R U R R U L L U R R U R D R U L L L U U U U U L U U R D R R R U U L U L L L U U R U U U R R U U U U U R R D D R U R U U R D R U R D D R R R D R D D L D D L L D L D D R D D L L D R D R D R U R D R R D D L D D L L D R R D D L D D D R U U R U U R D R R R U R U U U U R R R R R L U R R D D R R U R U U U U R R D D L D D R D R R R U R R R D D R U U U R L U L L U U R U R D R R D D D D R D R U R U U U U R R D D R U U R R R R D R D R D D L L D D R U D D R D D D R D L L L L D L L D L U L U L L D L L D R D D L L D D L D R R R D L L D L L D L D R R D L D D D R U R R R R R D R R R D L L D D R R U R D R R R D R D R U R R R U U L L D L L L D L U L U L D L L L L L U L U L U R U U R R R R R U R R D R U L R D D R R L D L L L D L L D R D D D D L D R D R R D D L D D L U L D D R R D D D D D R U U R D R D D D R D R D L L L U L D R L U L D D L U R L D L D R D D D R D R U R D R R D L L D R R U U R D D D R R D R U R D D R R U U L U U L U R R U R D R U R D D R U U U R R R R U R D R R R U U D R D D R D R D D R D R U R U U L U R U R D R U U U R U U R U L U R R D R D D R D D L U L D D L D D R D L D R D R L D R D R D R R D D R D R U R R D D D D L D D D R D D R D L L D R D L D L D L U U L L D D L L L L D L U L U U U U U L U L U L L L D L U L L U U L D L D D L D L D D D D D D R U R D R D D L L D L D L D L L L U L L D R D R R D L L L L L U L L L L D L L L L D R R D D R D L L D D R R R D R R R D R R R U R U U U R R D D R R R D R R L U U U L D L D L U U R R R U R U R U R D R R U R U U R R R U U U L U U U U L L U U L D D D L U U D L L U U R R D D R D R U R U U R D D L L D R R R R R U R R D R D D D L L L D L L D D L L L D D D L U U L D D D L L U U L L U D R D D D R D R D D D L D D R U R R D D R U D D R U R R U U L U R R R R R D R R D R R U R R R U R R D R D R U R R R R R U U U L U U L L L U R U U U D R U U U R R R D R D D R U U R R U L U U R U U L U U R R D R R U R U R R U U R R R R D D R D D R U R D R D D R R D L D R R R R D D D R R D R R D D L L L L L D D D R D L L U L D D L D L D R R D D D R U R R D R U R D R D D L D L D R R D R D R U U U R U U R U L U R R U R U R R R D D R U R D R R U R D R R U U U R R R R R R R D D D D D R D R D R R D R D L D D L L L D R D R R R R D L D D D D L D R D R D R R R R D D R D D R R D 
0 0 0 0
0 0 0 1
0 0 0 2
1 0 0 2
2 0 0 2
2 1 0 3
2 2 0 4
1 2 0 4
1 3 0 5
0 3 0 5
0 4 0 6
0 5 0 6
1 5 1 6
1 4 1 5
1 4 1 4
2 4 2 4
3 4 3 4
3 4 3 3
3 4 3 2
2 4 3 2
3 4 4 2
3 4 4 3
4 4 5 3
4 5 5 4
4 5 6 4
4 6 6 5
4 6 6 6
5 6 7 6
5 5 7 5
6 5 8 5
6 4 8 5
6 3 8 5
6 2 8 5
7 2 8 5
7 2 8 6
8 2 9 6
8 1 9 6
9 1 9 6
9 1 9 7
10 1 10 7
10 1 11 7
10 0 11 6
11 0 12 6
12 0 13 6
12 0 13 7
12 0 13 8
13 0 14 8
13 0 14 9
14 0 15 9
14 1 15 10
14 1 14 10
14 2 14 11
14 2 15 11
14 2 16 11
14 2 17 11
14 1 17 10
15 1 18 10
15 1 18 11
15 1 18 12
16 1 18 12
16 2 18 13
16 3 18 14
16 3 19 14
16 3 20 14
16 3 21 14
16 3 22 14
16 3 23 14
16 2 23 13
16 1 23 12
16 1 24 12
16 2 24 13
16 3 24 14
16 4 24 15
17 4 24 15
17 5 24 16
17 6 24 17
17 7 24 17
17 7 23 17
17 8 23 18
17 9 23 18
18 9 24 18
18 9 25 18
18 9 26 18
18 9 27 18
18 8 27 17
18 8 27 16
19 8 28 16
20 8 29 16
21 8 30 16
22 8 31 16
22 9 31 17
22 9 32 17
22 9 33 17
22 8 33 16
23 8 34 16
24 8 35 16
25 8 36 16
25 9 36 16
25 9 37 16
25 10 37 17
25 11 37 18
24 11 36 18
23 11 35 18
23 12 35 19
22 12 34 19
21 12 33 19
20 12 33 19
20 13 33 19
20 14 33 19
19 14 33 19
19 15 33 19
19 16 33 19
19 16 34 19
19 17 34 20
18 17 33 20
18 18 33 20
18 19 33 20
17 19 32 20
17 20 32 21
18 20 33 21
18 21 33 22
17 21 32 22
17 21 31 22
17 21 30 22
17 22 30 23
17 23 30 24
17 23 31 24
17 24 31 25
18 24 31 25
19 24 31 25
20 24 31 25
21 24 31 25
21 25 31 26
22 25 32 26
22 25 32 27
23 25 32 27
24 25 32 27
25 25 32 27
26 25 32 27
27 25 32 27
27 26 32 27
27 26 31 27
27 27 31 28
28 27 32 28
28 28 32 29
29 28 33 29
29 28 33 30
30 28 34 30
31 28 34 30
32 28 34 30
33 28 34 30
33 27 34 30
33 26 34 30
33 25 34 30
33 24 34 30
33 23 34 30
34 23 34 30
34 22 34 30
35 22 34 30
35 23 34 31
35 23 34 32
36 23 35 32
36 22 35 32
36 21 35 32
37 21 36 32
37 22 36 33
38 22 37 33
39 22 37 33
40 22 37 33
40 23 37 33
41 23 37 33
41 24 37 33
41 24 36 33
41 25 36 34
41 26 36 34
42 26 37 34
43 26 37 34
44 26 37 34
45 26 37 34
45 25 37 34
46 25 37 34
46 24 37 34
46 23 37 34
47 23 37 34
48 23 37 34
48 24 37 35
48 24 36 35
48 24 35 35
48 25 35 36
49 25 35 36
50 25 35 36
50 26 35 37
50 27 35 38
51 27 35 38
51 28 35 39
52 28 36 39
52 29 36 40
53 29 36 40
53 30 36 41
52 30 36 41
52 31 36 42
52 31 35 42
52 32 35 43
52 33 35 44
51 33 35 44
51 32 35 43
51 31 35 42
50 31 34 42
50 32 34 43
50 33 34 44
49 33 33 44
49 34 33 44
49 34 34 44
49 35 34 45
48 35 33 45
48 34 33 45
48 33 33 45
48 32 33 45
47 32 32 45
46 32 31 45
45 32 31 45
44 32 31 45
43 32 31 45
43 31 31 44
42 31 30 44
41 31 30 44
41 32 30 45
42 32 30 45
42 33 30 46
42 34 30 46
42 35 30 46
41 35 29 46
40 35 28 46
40 34 28 45
39 34 28 45
39 34 28 44
39 34 28 43
39 34 28 42
38 34 27 42
37 34 26 42
37 35 26 43
36 35 25 43
35 35 24 43
35 35 23 43
35 36 23 44
35 36 23 45
34 36 22 45
33 36 22 45
32 36 22 45
31 36 22 45
30 36 22 45
30 37 22 46
30 38 22 46
30 38 23 46
30 38 24 46
30 39 24 47
29 39 23 47
29 39 23 48
28 39 22 48
27 39 22 48
27 40 22 49
27 40 23 49
27 41 23 50
27 41 22 50
27 42 22 51
28 42 22 51
29 42 22 51
29 43 22 52
29 44 22 53
29 45 22 54
30 45 23 54
30 46 23 55
31 46 23 55
32 46 23 55
32 45 23 54
33 45 23 54
34 45 23 54
34 44 23 53
34 43 23 52
35 43 23 52
35 42 23 51
36 42 24 51
37 42 24 51
37 42 24 52
38 42 25 52
38 42 26 52
38 41 26 51
38 41 26 50
39 41 27 50
39 42 27 50
40 42 28 50
40 43 28 51
41 43 28 51
41 44 28 52
41 44 27 52
41 45 27 53
42 45 28 53
42 46 28 54
42 47 28 54
43 47 29 54
44 47 30 54
44 46 30 54
45 46 31 54
46 46 31 54
46 45 31 53
46 45 31 52
47 45 32 52
47 46 32 52
47 47 32 52
48 47 33 52
48 47 34 52
48 46 34 52
49 46 35 52
50 46 36 52
51 46 37 52
51 47 37 52
50 47 36 52
49 47 35 52
49 48 35 52
48 48 34 52
47 48 33 52
47 49 33 52
48 49 34 52
48 50 34 53
48 51 34 54
48 52 34 54
47 52 34 54
47 53 34 54
46 53 34 54
45 53 34 54
44 53 34 54
43 53 34 54
43 54 34 54
43 55 34 54
43 56 34 54
43 57 34 54
43 58 34 54
43 57 34 53
42 57 33 53
42 58 33 54
42 59 33 54
43 59 33 54
44 59 33 54
44 60 33 54
44 61 33 54
43 61 32 54
43 62 32 55
42 62 32 55
41 62 32 55
40 62 32 55
39 62 32 55
39 63 32 56
39 64 32 57
40 64 33 57
40 64 34 57
40 64 34 56
40 64 35 56
40 64 36 56
40 65 36 56
41 65 37 56
41 66 37 57
41 67 37 57
41 68 37 57
40 68 37 57
40 69 37 57
40 70 37 57
40 71 37 57
41 71 38 57
42 71 39 57
42 72 39 58
41 72 39 58
40 72 39 58
39 72 39 58
39 72 39 59
39 71 39 58
38 71 39 58
38 70 39 57
38 69 39 56
37 69 38 56
36 69 38 56
36 70 38 56
35 70 38 56
35 71 38 56
35 71 39 56
35 72 39 57
35 73 39 58
35 73 40 58
35 73 41 58
35 73 42 58
35 73 43 58
35 74 43 59
36 74 44 59
36 75 44 60
35 75 44 60
35 76 44 61
34 76 44 61
33 76 44 61
32 76 44 61
31 76 44 61
31 77 44 62
31 78 44 63
32 78 45 63
33 78 45 63
33 79 45 64
32 79 45 64
31 79 45 64
31 80 45 64
31 81 45 64
31 82 45 64
31 83 45 64
31 83 46 64
31 84 46 65
31 84 47 65
31 85 47 66
32 85 48 66
33 85 49 66
33 84 49 66
33 83 49 66
34 83 50 66
35 83 51 66
35 84 51 66
35 84 50 66
36 84 51 66
37 84 52 66
37 85 52 66
38 85 53 66
39 85 54 66
40 85 55 66
40 86 55 66
41 86 56 66
41 85 56 65
41 84 56 64
41 83 56 63
41 82 56 62
41 82 57 62
41 81 57 61
41 80 57 60
42 80 58 60
42 80 58 59
41 80 57 59
41 79 57 58
41 79 56 58
41 79 56 57
41 79 56 56
41 79 57 56
41 79 57 55
41 79 57 54
41 79 58 54
41 80 58 54
42 80 59 54
43 80 60 54
43 80 60 53
43 80 60 52
44 80 61 52
45 80 61 52
45 79 61 51
46 79 62 51
46 80 62 52
46 81 62 53
46 82 62 54
47 82 62 54
47 82 62 53
47 82 62 52
48 82 63 52
48 81 63 51
48 80 63 50
48 80 64 50
48 79 64 50
49 79 65 50
49 80 65 51
49 81 65 51
50 81 65 51
50 81 65 50
51 81 66 50
52 81 67 50
53 81 68 50
53 82 68 50
52 82 67 50
52 83 67 50
52 84 67 50
52 85 67 50
52 86 67 50
52 87 67 50
53 87 68 50
53 88 68 50
53 89 68 50
53 90 68 50
54 90 69 50
54 90 69 49
54 90 69 48
55 90 70 48
56 90 71 48
56 91 71 48
56 92 71 48
55 92 70 48
55 93 70 49
55 93 71 49
55 94 71 49
55 95 71 49
55 96 71 49
56 96 72 49
56 97 72 49
57 97 73 49
57 98 73 50
56 98 73 50
56 99 73 50
56 100 73 50
56 101 73 50
55 101 73 50
54 101 73 50
54 100 73 49
54 100 73 48
54 100 74 48
54 100 74 47
54 100 74 46
54 100 74 45
54 100 75 45
54 100 75 44
53 100 75 44
53 100 75 43
52 100 74 43
52 99 74 42
52 99 75 42
52 99 75 41
52 99 75 40
52 99 75 39
52 99 75 38
52 99 75 37
51 99 74 37
51 99 74 36
50 99 74 36
50 98 74 35
49 98 73 35
49 99 73 35
48 99 73 35
47 99 73 35
47 100 73 35
47 101 73 35
47 102 73 35
47 103 73 35
47 104 73 35
46 104 73 35
46 105 73 35
46 106 73 35
47 106 74 35
47 107 74 36
46 107 74 36
46 107 74 35
46 108 74 36
47 108 75 36
48 108 76 36
48 109 76 36
48 110 76 36
48 109 76 35
49 109 77 35
49 109 77 34
49 109 77 33
49 109 77 32
49 109 78 32
49 109 78 31
49 109 78 30
49 109 79 30
49 110 79 30
50 110 80 30
51 110 81 30
52 110 82 30
53 110 83 30
53 109 83 30
54 109 83 30
54 110 83 31
54 110 84 31
54 111 84 31
54 112 84 31
55 112 84 31
56 112 84 31
56 111 84 30
57 111 85 30
57 111 86 30
57 110 86 29
56 110 86 29
56 109 86 29
57 109 87 29
58 109 88 29
58 109 88 30
58 109 88 31
59 109 89 31
60 109 90 31
60 109 91 31
60 109 92 31
60 109 93 31
60 110 93 32
60 110 92 32
60 110 91 32
60 111 91 33
60 111 92 33
60 112 92 34
61 112 93 34
62 112 94 34
63 112 95 34
63 113 95 34
64 113 96 34
64 114 96 34
65 114 97 34
65 113 97 33
65 112 97 32
65 111 97 31
64 111 97 31
64 110 97 30
64 110 98 30
64 111 98 30
64 110 98 29
64 110 97 29
64 109 97 28
65 109 97 28
66 109 97 28
66 108 97 27
66 108 96 27
66 109 96 27
66 108 96 26
66 108 97 26
66 107 97 25
67 107 98 25
67 108 98 25
68 108 99 25
69 108 100 25
70 108 101 25
70 109 101 26
71 109 102 26
71 110 102 27
70 110 101 27
70 111 101 28
71 111 102 28
71 112 102 29
71 113 102 30
71 113 103 30
71 112 103 29
71 111 103 28
71 111 104 28
71 112 104 29
71 113 104 30
70 113 104 30
69 113 104 30
69 114 104 30
69 114 105 30
69 114 106 30
69 114 107 30
69 115 107 31
69 116 107 31
70 116 108 31
70 116 108 32
69 116 108 32
69 117 108 33
69 117 109 33
69 117 110 33
69 118 110 34
69 119 110 35
68 119 109 35
67 119 108 35
67 118 108 35
66 118 107 35
65 118 107 35
65 117 107 34
64 117 106 34
64 118 106 35
64 119 106 36
63 119 106 36
63 120 106 37
64 120 106 37
64 121 106 38
63 121 106 38
63 122 106 39
64 122 106 39
65 122 106 39
65 123 106 40
65 123 105 40
65 123 104 40
65 123 103 40
65 124 103 41
65 125 103 42
65 126 103 43
65 127 103 43
65 127 102 43
65 128 102 44
66 128 102 44
66 129 102 45
66 130 102 46
66 131 102 46
65 131 102 46
64 131 102 46
65 131 103 46
65 132 103 47
66 132 104 47
66 132 105 47
66 133 105 48
67 133 105 48
67 134 105 49
68 134 106 49
69 134 106 49
69 134 106 50
70 134 107 50
70 135 107 51
69 135 106 51
69 136 106 52
68 136 105 52
67 136 105 52
67 136 105 51
66 136 104 51
66 137 104 51
65 137 103 51
65 138 103 52
65 138 104 52
65 139 104 53
64 139 104 53
63 139 104 53
62 139 104 53
62 140 104 54
61 140 103 54
60 140 103 54
60 141 103 55
59 141 102 55
59 140 102 54
58 140 101 54
58 141 101 54
58 142 101 54
59 142 102 54
59 142 102 55
60 142 103 55
61 142 103 55
61 143 103 56
62 143 104 56
63 143 105 56
63 142 105 55
62 142 105 55
62 141 105 55
63 141 105 55
64 141 105 55
64 140 105 55
65 140 105 55
66 140 105 55
66 141 105 56
67 141 106 56
67 140 106 55
68 140 106 55
68 140 106 56
69 140 107 56
69 140 107 57
69 139 107 56
70 139 107 56
70 140 107 57
71 140 108 57
71 141 108 57
72 141 109 57
72 142 109 58
72 143 109 59
73 143 109 59
74 143 109 59
74 144 109 60
75 144 110 60
75 145 110 61
75 145 109 61
75 146 109 62
75 146 109 63
76 146 110 63
76 146 111 63
76 146 112 63
76 146 113 63
76 145 113 62
77 145 114 62
78 145 115 62
79 145 116 62
79 145 116 63
80 145 117 63
80 145 118 63
80 146 118 64
81 146 119 64
81 145 119 64
81 144 119 64
82 144 119 64
82 144 119 65
82 144 120 65
82 143 120 65
83 143 121 65
83 142 121 64
84 142 122 64
84 141 122 64
83 141 121 64
82 141 120 64
82 140 120 63
82 139 120 62
83 139 121 62
83 139 122 62
83 138 122 62
83 137 122 62
83 136 122 62
83 135 122 62
84 135 122 62
84 134 122 62
84 134 121 62
84 133 121 61
83 133 121 61
82 133 121 61
81 133 121 61
80 133 121 61
79 133 121 61
79 132 121 60
78 132 121 60
78 131 121 60
77 131 121 60
77 130 121 60
77 129 121 60
77 128 121 60
78 128 122 60
78 127 122 59
78 127 121 59
78 126 121 58
78 125 121 58
77 125 120 58
76 125 119 58
76 124 119 57
77 124 119 57
77 123 119 56
78 123 119 56
79 123 119 56
79 122 119 55
80 122 119 55
80 121 119 54
81 121 120 54
82 121 121 54
83 121 122 54
84 121 122 54
85 121 122 54
86 121 122 54
86 122 122 55
85 122 121 55
85 123 121 56
86 123 122 56
86 124 122 57
87 124 123 57
88 124 124 57
88 123 124 56
88 122 124 55
89 122 125 55
89 121 125 54
90 121 125 54
90 120 125 53
91 120 125 53
91 119 125 52
91 118 125 51
91 117 125 50
90 117 125 50
90 116 125 50
90 115 125 50
91 115 125 50
91 116 125 51
92 116 126 51
92 116 126 52
92 116 126 53
92 116 127 53
92 115 127 52
92 114 127 51
92 113 127 51
92 112 127 51
92 111 127 51
91 111 127 51
91 110 127 51
91 109 127 51
91 108 127 51
91 107 127 51
91 107 128 51
91 106 128 50
91 105 128 49
91 104 128 48
91 103 128 47
92 103 128 47
92 104 128 48
92 105 128 49
93 105 129 49
94 105 129 49
94 105 129 50
94 105 130 50
94 104 130 50
94 103 130 50
95 103 131 50
96 103 132 50
96 104 132 51
96 104 132 52
96 104 132 53
97 104 133 53
97 105 133 54
97 106 133 55
97 106 133 56
98 106 134 56
98 107 134 57
98 107 134 58
98 107 134 59
98 107 133 59
98 107 133 60
98 107 132 60
98 107 131 60
98 107 130 60
98 107 130 61
98 107 130 62
99 107 131 62
100 107 131 62
100 108 131 63
100 109 131 63
100 110 131 63
101 110 132 63
101 110 132 64
101 110 132 65
101 109 132 64
101 109 131 64
101 109 130 64
101 109 129 64
101 108 129 63
102 108 129 63
102 107 129 62
103 107 129 62
103 106 129 62
102 106 128 62
101 106 127 62
101 106 127 63
101 106 127 64
101 106 127 65
101 106 126 65
101 106 126 66
101 106 125 66
101 106 125 67
101 106 124 67
101 106 124 68
102 106 125 68
102 106 125 69
102 106 125 70
101 106 124 70
101 106 124 71
101 106 123 71
101 106 122 71
101 106 122 72
101 106 122 73
101 106 122 74
101 106 121 74
101 106 120 74
101 106 119 74
101 106 119 73
101 106 118 73
101 106 117 73
101 106 116 73
101 106 115 73
101 106 115 72
101 106 115 71
101 106 114 71
101 106 113 71
101 106 113 70
102 106 113 70
103 106 113 70
104 106 113 70
104 105 113 69
104 105 112 69
104 105 111 69
105 105 112 69
105 104 112 68
105 103 112 67
104 103 111 67
104 103 110 67
104 103 110 68
104 103 110 69
105 103 110 69
106 103 110 69
106 104 110 70
107 104 111 70
107 105 111 71
107 105 110 71
107 105 110 72
107 105 109 72
107 105 108 72
107 105 108 73
108 105 109 73
109 105 110 73
109 104 110 73
109 103 110 73
110 103 110 73
110 104 110 74
110 105 110 75
110 105 110 76
110 105 110 77
110 105 110 78
110 105 109 78
110 105 109 79
110 105 109 80
111 105 109 80
111 106 109 81
112 106 110 81
113 106 111 81
114 106 111 81
114 105 111 80
114 104 111 79
114 103 111 78
115 103 112 78
115 102 112 78
115 101 112 78
116 101 113 78
117 101 114 78
117 100 114 78
117 99 114 78
117 98 114 78
118 98 114 78
119 98 114 78
120 98 114 78
120 97 114 78
119 97 113 78
119 97 112 78
119 96 112 78
120 96 113 78
121 96 114 78
122 96 114 78
122 95 114 78
122 94 114 78
121 94 113 78
120 94 112 78
120 93 112 78
120 92 112 78
120 92 111 78
121 92 112 78
121 92 112 79
122 92 113 79
123 92 113 79
124 92 113 79
124 93 113 80
125 93 114 80
125 94 114 80
126 94 115 80
127 94 116 80
128 94 117 80
128 93 117 80
129 93 117 80
130 93 117 80
130 94 117 81
130 94 116 81
130 95 116 82
130 96 116 83
131 96 117 83
132 96 118 83
132 97 118 83
132 97 117 83
133 97 118 83
134 97 119 83
134 98 119 84
133 98 118 84
133 99 118 85
133 100 118 86
133 100 117 86
133 100 116 86
133 99 116 85
132 99 115 85
132 100 115 86
132 101 115 87
132 102 115 87
132 103 115 87
132 104 115 87
133 104 116 87
133 105 116 88
133 106 116 89
134 106 116 89
134 107 116 89
134 108 116 89
134 108 115 89
134 109 115 90
134 110 115 91
134 110 115 92
133 110 114 92
133 111 114 93
133 112 114 94
134 112 114 94
134 113 114 94
135 113 114 94
135 114 114 94
135 114 113 94
135 115 113 95
135 116 113 96
135 117 113 96
135 118 113 96
135 119 113 96
134 119 112 96
133 119 111 96
132 119 111 96
132 118 111 96
131 118 111 96
130 118 111 96
130 117 111 96
130 116 111 96
130 115 111 96
129 115 111 96
129 116 111 97
128 116 111 97
127 116 111 97
126 116 111 97
127 116 112 97
127 117 112 98
126 117 111 98
125 117 111 98
124 117 111 98
124 118 111 99
124 119 111 100
124 119 111 101
125 119 112 101
125 120 112 102
126 120 112 102
127 120 112 102
127 121 112 103
126 121 111 103
125 121 111 103
125 122 111 104
125 122 111 105
124 122 110 105
124 121 110 104
123 121 109 104
122 121 109 104
122 122 109 104
121 122 109 104
120 122 109 104
120 121 109 103
119 121 108 103
118 121 107 103
118 122 107 104
118 123 107 105
118 123 108 105
118 124 108 106
118 125 108 107
117 125 108 107
117 126 108 107
116 126 108 107
116 127 108 107
116 128 108 107
115 128 108 107
114 128 108 107
114 129 108 107
114 130 108 107
114 131 108 107
114 132 108 107
115 132 109 107
116 132 110 107
116 132 110 108
117 132 111 108
118 132 112 108
118 133 112 109
118 133 111 109
118 134 111 110
119 134 111 110
119 135 111 111
119 135 112 111
119 135 113 111
119 136 113 111
119 137 113 111
120 137 114 111
120 137 114 110
120 137 115 110
120 138 115 111
120 139 115 112
120 139 115 113
120 139 115 114
121 139 116 114
121 139 117 114
121 139 118 114
121 140 118 114
121 141 118 114
122 141 119 114
122 142 119 114
122 143 119 114
123 143 120 114
124 143 121 114
124 142 121 113
124 141 121 112
124 140 121 112
124 139 121 112
124 138 121 112
125 138 122 112
126 138 123 112
127 138 124 112
127 138 124 113
128 138 125 113
128 137 125 112
128 136 125 112
127 136 125 112
127 135 125 112
128 135 126 112
129 135 127 112
129 134 127 111
130 134 128 111
130 133 128 111
131 133 129 111
131 133 129 112
131 133 129 113
132 133 130 113
133 133 131 113
134 133 131 113
134 133 131 114
133 133 130 114
133 133 130 115
133 133 130 116
134 133 131 116
134 133 131 117
133 133 130 117
133 133 130 118
134 133 131 118
134 133 131 119
135 133 132 119
135 133 133 119
135 132 133 118
136 132 134 118
136 131 134 117
136 131 135 117
136 132 135 118
136 133 135 119
136 133 136 119
136 133 136 120
136 133 137 120
136 133 137 121
136 133 136 121
136 133 135 121
136 133 134 121
136 133 134 122
136 133 133 122
136 133 132 122
136 133 132 123
136 133 131 123
136 132 131 122
135 132 130 122
135 133 130 123
135 134 130 124
134 134 129 124
134 134 129 125
133 134 128 125
133 135 128 126
133 135 128 127
133 135 128 128
134 135 129 128
135 135 130 128
135 135 130 129
134 135 129 129
134 136 129 130
134 136 130 130
134 137 130 131
134 138 130 132
134 138 129 132
134 138 129 133
135 138 130 133
135 139 130 134
135 140 130 135
134 140 129 135
133 140 128 135
132 140 127 135
132 140 127 136
132 140 127 137
132 140 127 138
132 140 127 139
132 140 127 140
132 140 127 141
132 140 127 142
133 140 128 142
134 140 129 142
135 140 130 142
136 140 131 142
137 140 132 142
137 140 132 143
138 140 133 143
138 140 133 144
138 140 134 144
138 140 134 145
138 140 134 146
138 140 135 146
138 140 135 147
138 140 136 147
138 139 136 146
138 139 137 146
138 139 138 146
138 138 138 145
138 138 138 144
138 138 138 143
139 138 139 143
139 139 139 143
140 139 140 143
140 140 140 144
140 141 140 144
140 142 140 144
140 143 140 144
141 143 141 144
141 143 141 143
142 143 142 143
142 143 143 143
142 143 144 143
142 143 145 143
142 142 145 142
143 142 146 142
143 143 146 143
144 143 147 143
144 143 147 144
145 143 147 144
145 144 147 145
145 145 147 146
145 146 147 147
145 147 147 148
146 147 147 148
147 147 147 148
147 148 147 149
148 148 148 149
149 148 149 149
149 149 149 150
149 150 149 150
150 150 150 150
Program ran for 139.892766 seconds.
