， 3 000 3
馬 2 001 4
有 2 010 4
文 2 100 4
。 2 002 5
齊 1 011 5
非 1 020 5
雄 1 101 5
鄧 1 110 5
都 1 200 5
郵 1 012 6
遇 1 021 6
英 1 102 6
肯 1 111 6
禹 1 120 6
督 1 210 6
無 1 022 7
武 1 112 7
止 1 121 7
未 1 202 7
望 1 211 7
晉 1 220 7
時 1 122 8
志 1 2011 8
希 1 2012 9
學 1 2120 9
妻 1 2210 9
大 1 2121 10
古 1 2211 10
去 1 2220 10
公 1 2122 11
也 1 2212 11
不 1 2221 11
、 1 2222 12
22111021012020211220002000222121201100002012111012020121002120222200111221121001222120022201002122010221001000100022211112220011002
264
Program ran for 0.000135121 seconds.
