  24 01 2
e 18 02 2
i 16 11 2
t 10 12 2
n 9 21 2
s 8 001 3
h 8 101 3
c 7 102 3
l 6 201 3
r 4 202 3
a 4 220 3
u 3 222 3
d 3 0000 4
D 3 0001 4
w 2 0002 4
m 2 0020 4
g 2 0021 4
G 2 0022 4
o 1 1000 4
k 1 1001 4
f 1 1002 4
b 1 2000 4
Z 1 2002 4
W 1 2210 4
P 1 2211 4
E 1 2212 4
A 1 20011 5
? 1 20012 5
221200101000222020201002022020101021121011001201021121020010100220200001110210112010001220001010020220102101120201021121011002112100112202020010100220200111102101120100011102012210022011201000211202000001211110210112011010211201022101000122220210210101201222001121100210201200202112010221012211100011211202200120120011222102101010000110201002111200012010200101211110210112
372
Program ran for 0.000199741 seconds.
